
KLT.QFN10 =  4.47594;
KLT.QDN12 = -3.43716;
KLT.QFN20 =  1.90953;
KLT.QDN22 = -1.29848;
KLT.QFN30 =  0.65993;
KLT.QDN32 = -0.90130;
KLT.QFN40 =  1.74913;
KLT.QDN42 = -1.48333;
KLT.QFN50 =  1.42023;
KLT.QDN55 = -0.81270;
KLT.QFN60 =  0.69049;
KLT.QDN65 =  -KLT.QFN60;
KLT.QFW70 =  0.61201;
KLT.QDN75 = -0.62816;

return;




