dbt2dvt10 =     0.004625317156 ;
dbt2dvt20 =       0.0104378881 ;
dbt2qno10 =     0.009972547151 ;
dbt2qno20 =     0.004159976211 ;
dbt3dvt10 =     0.004625317156 ;
dbt3dvt20 =      0.01043788825 ;
dbt3qno10 =       0.0099725471 ;
dbt3qno20 =     0.004159976003 ;
dbt1bvt10 =      0.07680044613 ;
dbt1smv10 =      0.07356104134 ;
dbt1qno10 =     0.009859944806 ;
dbt1qno20 =     0.004532373022 ;
dbt1kf10 =     0.008566976581 ;
dbt4bvt10 =      0.07680044613 ;
dbt4smv10 =      0.07356104134 ;
dbt4qno10 =     0.009859944806 ;
dbt4qno20 =     0.004532373022 ;
dbt4kf10 =     0.008566976581 ;
dbtdvt30 =     0.002665654855 ;
dbtdvt40 =     0.005498301687 ;
dbt3qno30 =     0.002832646832 ;
dbtbvt20 =       0.0741740705 ;
dbtsmv20 =      0.07131025575 ;
dbt2qno30 =     0.002548495183 ;
dbtkf20 =     0.005412309936 ;
