! BTP1 input, automatically generated from BT1.out file (i.e. ring 1) with BTP optics
! Optics function at the entry flange of the BT.BHZ10
 BETX0  =   2.766605;
 ALFX0  =   0.863187;
 BETY0  =  25.848391;
 ALFY0  =  -0.318988;
 DX0    =   0.861588;
 DPX0   =  -0.430472;
