angledvt30 =     0.001945670949 ;
kbi.qno30 =       0.3013367946 ;
kbi.qno40 =            -0.9814 ;
