! BTP4 input, automatically generated from BT4.out file (i.e. ring 4) with BTP optics
! Optics function at the entry flange of the BT.BHZ10
 BETX0  =   2.335915;
 ALFX0  =   0.853602;
 BETY0  =  26.048072;
 ALFY0  =  -0.322810;
 DX0    =   0.852067;
 DPX0   =  -0.424334;
