
KLTB.QFN10 =  1.42176;
KLTB.QDN20 = -0.65031;
KLTB.QFW30 =  0.48525;
KLTB.QDW40 = -0.61696;
KLTB.QFW50 =  0.75490;
KLTB.QDW60 = -0.81313;

return;

