dbidvt30 =    0.001687693791752 ;
kbi.qno30 =    0.870905898679208 ;
kbi.qno40 =   -1.096051375156197 ;
dbi1dvt40 =    0.006763690637911 ;
dbi2dvt40 =    0.006763456860319 ;
dbi3dvt40 =    0.006763334193558 ;
dbi4dvt40 =    0.006763295798696 ;
dbiqno30 =    0.000841479388703 ;
dbiqno40 =    0.002529173180455 ;
dbi1dis1 =    0.003901700696591 ;
dbi2dis1 =    0.000000000000000 ;
dbi3dis1 =    0.000000000000000 ;
dbi4dis1 =    0.000000000000000 ;
dbi1dis2 =    0.003525485431092 ;
dbi2dis2 =    0.003525434349034 ;
dbi3dis2 =    0.000000000000000 ;
dbi4dis2 =    0.000000000000000 ;
dbi1dis3 =    0.003667943459448 ;
dbi2dis3 =    0.003667838837393 ;
dbi3dis3 =    0.003667792330112 ;
dbi4dis3 =    0.000000000000000 ;
dbi1dis4 =    0.003095747174129 ;
dbi2dis4 =    0.003095618018593 ;
dbi3dis4 =    0.003095541859112 ;
dbi4dis4 =    0.003095503464251 ;
dbi1smv =    0.165950000000000 ;
dbi2smv =    0.131300000000000 ;
dbi3smv =    0.000000000000000 ;
dbi4smv =    0.131200000000000 ;
dbi1bvt =    0.173377186123349 ;
dbi2bvt =    0.134825434344700 ;
dbi3bvt =    0.000000000000000 ;
dbi4bvt =    0.134867792334445 ;
rhodvt40 =   48.349302818919838 ;
rhodis1 =  102.519656424662017 ;
rhodis2 =  113.461431692799863 ;
rhodis3 =  109.057673076033922 ;
rhodis4 =  129.219896998884934 ;
dl =    0.000000000000000 ;
